0,519
0,518
0,517
34,2
34,5
0,516
0,515
0,514
0,513
0,512
0,511
38,7
38,6
38,5
38,0
0,510
0,509
0,508
0,507
0,506
0,505
0,504
0,503
0,502
0,501
0,500
0,472
32,3
32,2
32,1
32,0
0,278
0,9
66,52
66,51
66,50
66,49
66,48
66,47
66,46
66,45
66,44
66,43
66,42
66,41
66,40
66,39
66,38
66,37
66,36
66,35
38,2
3,2
3,1
3,3
10,12
10,102
10,86
10,294
10,156
10,120
10,266
10,216
11,9
9,4
9,6
8,14
8,5
8,4
8,15
8,2
8,3
42,3
42,2
42,1
42,0
41,4
41,3
41,2
41,1
41,0
40,3
40,2
40,1
40,0
38,4
38,3
38,1
34,4
34,3
34,1
33,3
33,2
33,1
33,0
30,3
30,1
27,3
27,1
20,3
20,2
20,1
19,3
19,2
19,1
12,3
12,2
12,1
11,30
11,29
11,27
11,26
11,25
11,23
11,22
11,21
11,20
11,19
11,17
11,16
11,15
11,14
